
### maxopt_dynamic.log
	LiIon	Flywheel	Supercapacitor	Margin	Lookahead	Fitness	Cost	fluctuation	mean_periodic_fluctuation	max_bought	peak_power_sum	peak_power_count	sum_above_limit
345	7.0	1.0	0.0	0.0031	24.0	1072.96	93.2	61.98	0.26	93.2	452.74	37.0	1199.26
180	9.0	0.0	0.0	0.0074	24.0	1072.96	93.2	65.6	0.28	93.2	383.4	32.0	1013.95
218	9.0	1.0	0.0	0.0031	24.0	1072.96	93.2	58.51	0.24	93.2	452.74	37.0	1199.26
202	6.0	5.0	0.0	0.0031	24.0	1072.96	93.2	61.46	0.54	93.2	553.9	43.0	1426.03
282	1.0	5.0	0.0	0.0031	24.0	1072.96	93.2	62.48	0.4	93.2	557.1	43.0	1472.88
314	6.0	0.0	0.0	0.0103	24.0	1072.96	93.2	77.11	0.71	93.2	404.89	31.0	1038.61

### fluctopt_const.log
	LiIon	Flywheel	Supercapacitor	Margin	Fitness	Cost	fluctuation	mean_periodic_fluctuation	max_bought	peak_power_sum	peak_power_count	sum_above_limit
168	5.0	9.0	4.0	0.0004	594.47	168.22	168.22	0.71	113.8	3267.74	131.0	25616.23
330	5.0	7.0	8.0	0.0041	591.41	169.09	169.09	0.71	113.8	3254.74	132.0	25216.54
328	5.0	6.0	5.0	0.0041	591.41	169.09	169.09	0.71	113.8	3254.74	132.0	25216.54
316	2.0	7.0	5.0	0.0041	591.41	169.09	169.09	0.71	113.8	3254.74	132.0	25216.54
318	9.0	7.0	9.0	0.0041	591.41	169.09	169.09	0.71	113.8	3254.74	132.0	25216.54
332	5.0	9.0	9.0	0.0041	591.41	169.09	169.09	0.71	113.8	3254.74	132.0	25216.54

### maxopt_const.log
	LiIon	Flywheel	Supercapacitor	Margin	Fitness	Cost	fluctuation	mean_periodic_fluctuation	max_bought	peak_power_sum	peak_power_count	sum_above_limit
0	4.0	7.0	0.0	0.1957	878.73	113.8	385.08	1.8	113.8	1601.67	98.0	7210.22
266	8.0	6.0	0.0	0.0222	878.73	113.8	279.99	1.34	113.8	2672.05	106.0	20630.46
242	8.0	6.0	7.0	0.038	878.73	113.8	207.23	0.89	113.8	2972.13	129.0	21625.32
241	2.0	6.0	9.0	0.0611	878.73	113.8	232.05	1.0	113.8	2810.89	128.0	19265.05
240	7.0	6.0	9.0	0.1307	878.73	113.8	302.45	1.33	113.8	2340.35	129.0	12991.7
239	7.0	2.0	1.0	0.1657	878.73	113.8	349.3	1.59	113.8	1980.26	115.0	10046.79

### fluctopt_dynamic.log
	LiIon	Flywheel	Supercapacitor	Margin	Lookahead	Fitness	Cost	fluctuation	mean_periodic_fluctuation	max_bought	peak_power_sum	peak_power_count	sum_above_limit
150	8.0	2.0	0.0	0.0007	24.0	1701.55	58.77	58.77	0.24	93.05	489.73	39.0	1317.4
300	9.0	2.0	0.0	0.0043	24.0	1668.91	59.92	59.92	0.25	93.2	475.02	37.0	1270.52
139	7.0	2.0	0.0	0.0043	24.0	1659.84	60.25	60.25	0.25	93.2	475.02	37.0	1270.52
264	8.0	4.0	0.0	0.0043	24.0	1635.75	61.13	61.13	0.25	93.2	512.27	41.0	1344.64
210	3.0	8.0	0.0	0.0027	24.0	1630.92	61.32	61.32	0.39	93.2	559.46	43.0	1479.98
347	6.0	2.0	0.0	0.0043	24.0	1610.91	62.08	62.08	0.26	93.2	475.02	37.0	1270.52

### fluctopt_greedy.log
	LiIon	Flywheel	Supercapacitor	Fitness	Cost	fluctuation	mean_periodic_fluctuation	max_bought
176	0.0	0.0	0.0	112.23	891.0	891.0	4.36	129.5
8	1.0	0.0	0.0	10.81	9247.77	9247.77	42.3	176.94
250	2.0	0.0	0.0	10.47	9546.56	9546.56	43.77	275.39
49	1.0	0.0	1.0	10.42	9595.71	9595.71	43.98	273.25
192	3.0	0.0	0.0	10.39	9628.83	9628.83	44.4	373.83
108	2.0	0.0	1.0	10.36	9656.47	9656.47	44.46	371.69

### costopt_greedy.log
	LiIon	Flywheel	Supercapacitor	Fitness	Cost	fluctuation	mean_periodic_fluctuation	max_bought
62	1.0	0.0	0.0	1.69	59336.72	9247.77	42.3	176.94
214	2.0	0.0	0.0	1.18	84657.09	9546.56	43.77	275.39
39	1.0	1.0	0.0	1.16	86106.37	9601.8	44.05	275.39
75	0.0	0.0	2.0	0.98	102345.17	9578.22	43.34	271.11
36	1.0	0.0	2.0	0.97	103539.68	9712.86	44.91	369.55
82	2.0	0.0	1.0	0.97	103399.11	9656.47	44.46	371.69

### sumaboveopt_equalized.log
	LiIon	Flywheel	Supercapacitor	Lookahead	Fitness	Cost	fluctuation	mean_periodic_fluctuation	max_bought	peak_power_sum	peak_power_count	sum_above_limit
172	9.0	0.0	0.0	24.0	231.21	432.5	335.93	1.58	108.59	259.96	65.0	432.5
18	7.0	0.0	0.0	24.0	231.21	432.5	335.93	1.58	108.59	259.96	65.0	432.5
326	4.0	0.0	0.0	24.0	231.21	432.5	335.93	1.58	108.59	259.96	65.0	432.5
131	5.0	0.0	0.0	24.0	231.21	432.5	335.93	1.58	108.59	259.96	65.0	432.5
234	1.0	0.0	0.0	24.0	231.21	432.5	336.06	1.58	108.59	259.96	65.0	432.5
150	3.0	0.0	0.0	24.0	231.21	432.5	335.93	1.58	108.59	259.96	65.0	432.5

### costopt_equalized.log
	LiIon	Flywheel	Supercapacitor	Lookahead	Fitness	Cost	fluctuation	mean_periodic_fluctuation	max_bought	peak_power_sum	peak_power_count	sum_above_limit
173	0.0	0.0	1.0	24.0	0.47	213155.99	361.29	1.7	110.36	956.76	168.0	1581.92
196	0.0	1.0	0.0	24.0	0.47	214345.31	337.58	1.59	108.63	299.18	69.0	493.34
339	0.0	0.0	2.0	24.0	0.46	216500.15	361.29	1.7	110.36	956.76	168.0	1581.92
178	0.0	1.0	1.0	24.0	0.46	218763.66	361.29	1.7	110.36	956.76	168.0	1581.92
198	1.0	0.0	1.0	24.0	0.46	215903.16	361.29	1.7	110.36	956.76	168.0	1581.92
316	0.0	0.0	3.0	24.0	0.45	219844.3	361.29	1.7	110.36	956.76	168.0	1581.92

### fluctopt_equalized.log
	LiIon	Flywheel	Supercapacitor	Lookahead	Fitness	Cost	fluctuation	mean_periodic_fluctuation	max_bought	peak_power_sum	peak_power_count	sum_above_limit
270	5.0	1.0	0.0	24.0	296.34	337.46	337.46	1.59	108.63	299.18	69.0	493.34
45	3.0	7.0	0.0	24.0	296.34	337.46	337.46	1.59	108.63	299.18	69.0	493.34
54	5.0	3.0	0.0	24.0	296.34	337.46	337.46	1.59	108.63	299.18	69.0	493.34
304	2.0	4.0	0.0	24.0	296.34	337.46	337.46	1.59	108.63	299.18	69.0	493.34
160	2.0	2.0	0.0	24.0	296.34	337.46	337.46	1.59	108.63	299.18	69.0	493.34
97	9.0	2.0	0.0	24.0	296.34	337.46	337.46	1.59	108.63	299.18	69.0	493.34

### maxopt_greedy.log
	LiIon	Flywheel	Supercapacitor	Fitness	Cost	fluctuation	mean_periodic_fluctuation	max_bought
120	0.0	0.0	0.0	772.17	129.5	891.0	4.36	129.5
279	1.0	0.0	0.0	565.15	176.94	9247.77	42.3	176.94
114	0.0	1.0	0.0	565.15	176.94	9339.53	42.84	176.94
202	0.0	0.0	2.0	368.86	271.11	9578.22	43.34	271.11
185	0.0	1.0	1.0	365.97	273.25	9646.62	44.28	273.25
174	1.0	1.0	0.0	363.12	275.39	9601.8	44.05	275.39

### maxopt_equalized.log
	LiIon	Flywheel	Supercapacitor	Lookahead	Fitness	Cost	fluctuation	mean_periodic_fluctuation	max_bought	peak_power_sum	peak_power_count	sum_above_limit
283	3.0	1.0	0.0	24.0	920.58	108.63	337.46	1.59	108.63	299.18	69.0	493.34
264	4.0	2.0	0.0	24.0	920.58	108.63	337.46	1.59	108.63	299.18	69.0	493.34
265	6.0	8.0	0.0	24.0	920.58	108.63	337.46	1.59	108.63	299.18	69.0	493.34
200	3.0	3.0	0.0	24.0	920.58	108.63	337.46	1.59	108.63	299.18	69.0	493.34
268	3.0	6.0	0.0	24.0	920.58	108.63	337.46	1.59	108.63	299.18	69.0	493.34
269	6.0	4.0	0.0	24.0	920.58	108.63	337.46	1.59	108.63	299.18	69.0	493.34

### sumaboveopt_const.log
	LiIon	Flywheel	Supercapacitor	Margin	Fitness	Cost	fluctuation	mean_periodic_fluctuation	max_bought	peak_power_sum	peak_power_count	sum_above_limit
193	9.0	9.0	0.0	0.182	12.79	7817.08	365.59	1.7	113.8	1656.54	97.0	7817.08
171	9.0	8.0	0.0	0.1611	11.39	8776.83	354.34	1.65	113.8	1744.5	96.0	8776.83
165	8.0	9.0	0.0	0.1611	11.36	8805.51	353.63	1.65	113.8	1753.56	97.0	8805.51
253	9.0	7.0	0.0	0.1611	11.31	8845.31	359.44	1.68	113.8	1763.38	97.0	8845.31
259	8.0	8.0	0.0	0.1611	11.27	8874.9	358.17	1.67	113.8	1766.28	97.0	8874.9
220	7.0	8.0	0.0	0.1611	11.14	8974.51	360.89	1.69	113.8	1774.08	97.0	8974.51

### costopt_const.log
	LiIon	Flywheel	Supercapacitor	Margin	Fitness	Cost	fluctuation	mean_periodic_fluctuation	max_bought	peak_power_sum	peak_power_count	sum_above_limit
222	0.0	0.0	0.0	0.1828	0.48	209902.85	466.5	2.22	113.8	2146.64	153.0	9669.84
204	0.0	0.0	2.0	0.1828	0.46	219565.31	359.17	1.62	113.8	1951.99	128.0	9177.32
177	0.0	0.0	1.0	0.0823	0.46	216137.71	335.27	1.55	113.8	2675.89	129.0	17224.02
188	0.0	2.0	0.0	0.0711	0.45	220438.2	365.91	1.75	113.8	2549.05	114.0	17612.3
75	1.0	0.0	2.0	0.1717	0.45	223679.88	350.48	1.58	113.8	2033.02	126.0	9919.09
114	0.0	1.0	2.0	0.0648	0.44	227322.57	273.17	1.23	113.8	2735.81	124.0	18762.93

### peaksumopt_dynamic.log
	LiIon	Flywheel	Supercapacitor	Margin	Lookahead	Fitness	Cost	fluctuation	mean_periodic_fluctuation	max_bought	peak_power_sum	peak_power_count	sum_above_limit
342	8.0	0.0	0.0	0.0966	24.0	436.32	229.19	232.28	1.07	100.96	229.19	22.0	535.97
328	9.0	0.0	0.0	0.1134	24.0	413.12	242.06	258.63	1.19	102.69	242.06	29.0	527.1
330	7.0	0.0	0.0	0.1134	24.0	413.12	242.06	261.94	1.21	102.69	242.06	29.0	527.1
344	6.0	0.0	0.0	0.1134	24.0	413.12	242.06	263.95	1.22	102.69	242.06	29.0	527.1
289	4.0	0.0	0.0	0.1134	24.0	413.12	242.06	267.26	1.24	102.69	242.06	29.0	527.1
343	2.0	0.0	0.0	0.1134	24.0	363.24	275.3	273.08	1.26	102.69	275.3	31.0	585.17

### peaksumopt_equalized.log
	LiIon	Flywheel	Supercapacitor	Lookahead	Fitness	Cost	fluctuation	mean_periodic_fluctuation	max_bought	peak_power_sum	peak_power_count	sum_above_limit
292	2.0	0.0	0.0	24.0	402.6	248.38	333.9	1.57	108.59	248.38	64.0	336.88
243	5.0	7.0	0.0	24.0	347.7	287.61	335.42	1.57	108.63	287.61	68.0	397.7
242	1.0	7.0	0.0	24.0	347.7	287.61	335.42	1.57	108.63	287.61	68.0	397.7
230	0.0	7.0	0.0	24.0	347.7	287.61	335.42	1.57	108.63	287.61	68.0	397.7
232	0.0	1.0	0.0	24.0	347.7	287.61	335.42	1.57	108.63	287.61	68.0	397.7
233	0.0	8.0	0.0	24.0	347.7	287.61	335.42	1.57	108.63	287.61	68.0	397.7

### peaksumopt_const.log
	LiIon	Flywheel	Supercapacitor	Margin	Fitness	Cost	fluctuation	mean_periodic_fluctuation	max_bought	peak_power_sum	peak_power_count	sum_above_limit
83	0.0	8.0	0.0	0.2	64.1	1560.06	392.2	1.83	113.8	1560.06	97.0	7097.57
249	9.0	6.0	0.0	0.1848	63.04	1586.22	369.45	1.71	113.8	1586.22	96.0	7186.77
222	7.0	7.0	0.0	0.1848	62.32	1604.68	371.1	1.72	113.8	1604.68	97.0	7312.69
288	8.0	8.0	0.0	0.1848	62.09	1610.68	367.69	1.7	113.8	1610.68	97.0	7338.39
305	7.0	8.0	0.0	0.1848	62.09	1610.68	368.72	1.71	113.8	1610.68	97.0	7338.39
202	9.0	8.0	0.0	0.1848	62.09	1610.68	366.24	1.69	113.8	1610.68	97.0	7338.39

### sumaboveopt_dynamic.log
	LiIon	Flywheel	Supercapacitor	Margin	Lookahead	Fitness	Cost	fluctuation	mean_periodic_fluctuation	max_bought	peak_power_sum	peak_power_count	sum_above_limit
195	9.0	0.0	0.0	0.1165	24.0	190.05	526.17	265.04	1.19	103.01	244.75	29.0	526.17
268	6.0	0.0	0.0	0.1187	24.0	189.88	526.66	273.65	1.23	103.23	246.28	30.0	526.66
207	7.0	0.0	0.0	0.1187	24.0	189.88	526.66	271.75	1.22	103.23	246.28	30.0	526.66
229	8.0	0.0	0.0	0.1041	24.0	188.62	530.16	246.35	1.1	101.73	229.43	22.0	530.16
120	7.0	1.0	0.0	0.1864	24.0	169.29	590.7	357.96	1.61	105.65	347.7	49.0	590.7
72	9.0	1.0	0.0	0.1864	24.0	169.29	590.7	357.96	1.61	105.65	347.7	49.0	590.7

### costopt_dynamic.log
	LiIon	Flywheel	Supercapacitor	Margin	Lookahead	Fitness	Cost	fluctuation	mean_periodic_fluctuation	max_bought	peak_power_sum	peak_power_count	sum_above_limit
212	0.0	0.0	0.0	0.187	24.0	0.48	209902.85	466.5	2.22	113.8	1566.8	203.0	3328.88
281	0.0	0.0	1.0	0.1026	24.0	0.47	213687.67	275.18	1.28	108.57	1317.8	128.0	3289.39
103	1.0	0.0	2.0	0.1431	24.0	0.46	219683.54	327.49	1.52	108.59	1066.86	128.0	2514.75
280	0.0	1.0	1.0	0.1431	24.0	0.46	219199.87	327.49	1.52	108.59	1066.86	128.0	2514.75
299	0.0	0.0	2.0	0.1026	24.0	0.46	217037.76	274.21	1.27	108.57	1313.31	128.0	3283.52
106	2.0	0.0	2.0	0.0609	24.0	0.45	222620.7	209.57	0.97	108.45	1606.87	137.0	4417.51
